{

	"uid" : 31280,
	"camera3d_angles" :
	{
		"x" : 70.349724,
		"y" : -0.580798
	},
	"camera3d_pos" :
	{
		"x" : 109.900383,
		"y" : 271.487061,
		"z" : -475.415283
	},
	"camera_pos" :
	{
		"x" : 0.000000,
		"y" : 0.000000
	},
	"camera_zoom" : 1.000000,
	"move_mode" : 0,
	"gizmo2d_align_x" : 0,
	"gizmo2d_align_y" : 0,
	"SceneAsset" : [
		{
			"type" : "SceneScriptAsset",
			"uid" : 195196,
			"ed_camera_2d" :
			{
				"x" : 0.000000,
				"y" : 0.000000
			},
			"ed_camera_2d_zoom" : 1.000000,
			"Name" : "Mission1",
			"State" : 2,
			"Group" : "",
			"Layer" : "",
			"filename" : "Scripts/Mission1.sns",
			"main_class" : "Mission1",
			"Count" : 7,
			"Node" : [
				{
					"type" : 1,
					"name" : "commandersSpawn",
					"pos" :
					{
						"x" : -401.500000,
						"y" : -157.500000
					},
					"prefix" : ""
				},
				{
					"type" : 1,
					"name" : "commanders",
					"pos" :
					{
						"x" : -403.500000,
						"y" : -67.500000
					},
					"prefix" : ""
				},
				{
					"type" : 2,
					"name" : "OnInit",
					"pos" :
					{
						"x" : -203.500000,
						"y" : -160.500000
					},
					"param_type" : 0,
					"call_type" : 1,
					"priority" : 1,
					"Count" : 0,
					"Link" : [
					]
				},
				{
					"type" : 1,
					"name" : "main",
					"pos" :
					{
						"x" : -202.500000,
						"y" : -56.500000
					},
					"prefix" : ""
				},
				{
					"type" : 1,
					"name" : "helipad",
					"pos" :
					{
						"x" : -14.500000,
						"y" : -160.500000
					},
					"prefix" : ""
				},
				{
					"type" : 1,
					"name" : "path_to_building",
					"pos" :
					{
						"x" : -20.500000,
						"y" : -47.500000
					},
					"prefix" : ""
				},
				{
					"type" : 1,
					"name" : "gates",
					"pos" :
					{
						"x" : 174.500000,
						"y" : -157.500000
					},
					"prefix" : ""
				}
			],
			"dep_count" : 0,
			"Dep" : [
			]
		},
		{
			"type" : "MeshAsset",
			"uid" : 65406,
			"transform" :
			{
				"m0" : 1.000000,
				"m1" : 0.000000,
				"m2" : 0.000000,
				"m3" : 0.000000,
				"m4" : 0.000000,
				"m5" : 1.000000,
				"m6" : 0.000000,
				"m7" : 0.000000,
				"m8" : 0.000000,
				"m9" : 0.000000,
				"m10" : 1.000000,
				"m11" : 0.000000,
				"m12" : 0.000000,
				"m13" : 0.000000,
				"m14" : 0.000000,
				"m15" : 1.000000
			},
			"ed_camera_3d_pos" :
			{
				"x" : -85.755104,
				"y" : 85.855980,
				"z" : -13.697904
			},
			"ed_camera_3d_angles" :
			{
				"x" : 0.170000,
				"y" : -0.660000
			},
			"Name" : "Gates",
			"State" : 2,
			"Group" : "",
			"Layer" : "",
			"Mesh" : "Assets/Meshes/Buildings/Gates.FBX",
			"components" : [
				{
					"type" : "Phys3DComp",
					"body_type" : 0,
					"density" : 1.250000,
					"friction" : 0.250000,
					"allow_rotate" : true,
					"object_for_submeshes" : false,
					"group" : 1,
					"controller_height" : 1.000000,
					"controller_radius" : 0.500000,
					"controller_z_align" : false,
					"controller_z_offset" : 0.000000
				}
			]
		},
		{
			"type" : "SceneScriptAsset",
			"uid" : 982780,
			"ed_camera_2d" :
			{
				"x" : 0.000000,
				"y" : 0.000000
			},
			"ed_camera_2d_zoom" : 1.000000,
			"Name" : "Mission2",
			"State" : 2,
			"Group" : "",
			"Layer" : "",
			"filename" : "Scripts/Mission2.sns",
			"main_class" : "Mission2",
			"Count" : 2,
			"Node" : [
				{
					"type" : 1,
					"name" : "main",
					"pos" :
					{
						"x" : -14.500000,
						"y" : -77.500000
					},
					"prefix" : ""
				},
				{
					"type" : 2,
					"name" : "OnInit",
					"pos" :
					{
						"x" : 208.500000,
						"y" : -85.500000
					},
					"param_type" : 0,
					"call_type" : 1,
					"priority" : 1,
					"Count" : 0,
					"Link" : [
					]
				}
			],
			"dep_count" : 0,
			"Dep" : [
			]
		},
		{
			"type" : "SceneScriptAsset",
			"uid" : 720759,
			"ed_camera_2d" :
			{
				"x" : 0.000000,
				"y" : 0.000000
			},
			"ed_camera_2d_zoom" : 1.000000,
			"Name" : "Mission3",
			"State" : 2,
			"Group" : "",
			"Layer" : "",
			"filename" : "Scripts/Mission3.sns",
			"main_class" : "Mission3",
			"Count" : 2,
			"Node" : [
				{
					"type" : 2,
					"name" : "OnInit",
					"pos" :
					{
						"x" : -3.500000,
						"y" : -50.500000
					},
					"param_type" : 0,
					"call_type" : 1,
					"priority" : 1,
					"Count" : 0,
					"Link" : [
					]
				},
				{
					"type" : 1,
					"name" : "main",
					"pos" :
					{
						"x" : -205.500000,
						"y" : -52.500000
					},
					"prefix" : ""
				}
			],
			"dep_count" : 0,
			"Dep" : [
			]
		}
	],
	"SceneObject" : [
		{
			"type" : "SceneScriptInst",
			"uid" : 64177,
			"ed_camera_2d" :
			{
				"x" : 0.000000,
				"y" : 0.000000
			},
			"ed_camera_2d_zoom" : 1.000000,
			"Name" : "Main",
			"State" : 2,
			"Group" : "",
			"Layer" : "",
			"asset_uid" : 399623,
			"Count" : 9,
			"Node" : [
				{
					"callback_type" : "OnContactStart",
					"objects_list" :
					{
						"count" : 1,
						"Elem" : [
							{
								"object" :
								{
									"uid" : 993356,
									"child_uid" : 0,
									"is_asset" : false
								}
							}
						]
					}
				},
				{
					"callback_type" : "",
					"objects_list" :
					{
						"count" : 1,
						"Elem" : [
							{
								"object" :
								{
									"uid" : 0,
									"child_uid" : 0,
									"is_asset" : false
								}
							}
						]
					}
				},
				{
					"callback_type" : "",
					"objects_list" :
					{
						"count" : 1,
						"Elem" : [
							{
								"object" :
								{
									"uid" : 750965,
									"child_uid" : 0,
									"is_asset" : false
								}
							}
						]
					}
				},
				{
					"callback_type" : "OnContactStart",
					"objects_list" :
					{
						"count" : 1,
						"Elem" : [
							{
								"object" :
								{
									"uid" : 179852,
									"child_uid" : 0,
									"is_asset" : false
								}
							}
						]
					}
				},
				{
					"callback_type" : "OnContactStart",
					"objects_list" :
					{
						"count" : 1,
						"Elem" : [
							{
								"object" :
								{
									"uid" : 871194,
									"child_uid" : 0,
									"is_asset" : false
								}
							}
						]
					}
				},
				{
					"callback_type" : "",
					"objects_list" :
					{
						"count" : 1,
						"Elem" : [
							{
								"object" :
								{
									"uid" : 0,
									"child_uid" : 0,
									"is_asset" : false
								}
							}
						]
					}
				},
				{
					"callback_type" : "OnContactStart",
					"objects_list" :
					{
						"count" : 1,
						"Elem" : [
							{
								"object" :
								{
									"uid" : 556794,
									"child_uid" : 0,
									"is_asset" : false
								}
							}
						]
					}
				},
				{
					"callback_type" : "OnContactStart",
					"objects_list" :
					{
						"count" : 1,
						"Elem" : [
							{
								"object" :
								{
									"uid" : 592497,
									"child_uid" : 0,
									"is_asset" : false
								}
							}
						]
					}
				},
				{
					"callback_type" : "",
					"objects_list" :
					{
						"count" : 1,
						"Elem" : [
							{
								"object" :
								{
									"uid" : 664793,
									"child_uid" : 0,
									"is_asset" : false
								}
							}
						]
					}
				}
			]
		},
		{
			"type" : "SceneScriptInst",
			"uid" : 982832,
			"ed_camera_2d" :
			{
				"x" : 0.000000,
				"y" : 0.000000
			},
			"ed_camera_2d_zoom" : 1.000000,
			"Name" : "BulletsScript",
			"State" : 2,
			"Group" : "",
			"Layer" : "",
			"asset_uid" : 981499,
			"Count" : 4,
			"Node" : [
				{
					"callback_type" : "OnContactStart",
					"objects_list" :
					{
						"count" : 1,
						"Elem" : [
							{
								"object" :
								{
									"uid" : 462320,
									"child_uid" : 0,
									"is_asset" : false
								}
							}
						]
					}
				},
				{
					"callback_type" : "",
					"objects_list" :
					{
						"count" : 1,
						"Elem" : [
							{
								"object" :
								{
									"uid" : 0,
									"child_uid" : 0,
									"is_asset" : false
								}
							}
						]
					}
				},
				{
					"callback_type" : "Bullets",
					"objects_list" :
					{
						"count" : 1,
						"Elem" : [
							{
								"object" :
								{
									"uid" : 0,
									"child_uid" : 0,
									"is_asset" : false
								}
							}
						]
					}
				},
				{
					"callback_type" : "",
					"objects_list" :
					{
						"count" : 1,
						"Elem" : [
							{
								"object" :
								{
									"uid" : 64177,
									"child_uid" : 0,
									"is_asset" : false
								}
							}
						]
					}
				}
			]
		},
		{
			"type" : "SceneScriptInst",
			"uid" : 261879,
			"ed_camera_2d" :
			{
				"x" : 0.000000,
				"y" : 0.000000
			},
			"ed_camera_2d_zoom" : 1.000000,
			"Name" : "MissilesScript",
			"State" : 2,
			"Group" : "",
			"Layer" : "",
			"asset_uid" : 113658,
			"Count" : 4,
			"Node" : [
				{
					"callback_type" : "",
					"objects_list" :
					{
						"count" : 1,
						"Elem" : [
							{
								"object" :
								{
									"uid" : 64177,
									"child_uid" : 0,
									"is_asset" : false
								}
							}
						]
					}
				},
				{
					"callback_type" : "OnContactStart",
					"objects_list" :
					{
						"count" : 1,
						"Elem" : [
							{
								"object" :
								{
									"uid" : 186695,
									"child_uid" : 0,
									"is_asset" : false
								}
							}
						]
					}
				},
				{
					"callback_type" : "Missiles",
					"objects_list" :
					{
						"count" : 1,
						"Elem" : [
							{
								"object" :
								{
									"uid" : 0,
									"child_uid" : 0,
									"is_asset" : false
								}
							}
						]
					}
				},
				{
					"callback_type" : "",
					"objects_list" :
					{
						"count" : 1,
						"Elem" : [
							{
								"object" :
								{
									"uid" : 0,
									"child_uid" : 0,
									"is_asset" : false
								}
							}
						]
					}
				}
			]
		},
		{
			"type" : "MeshInstance",
			"uid" : 556794,
			"Name" : "HeliPad",
			"State" : 2,
			"Group" : "",
			"Layer" : "",
			"inst" :
			{
				"count" : 1,
				"Elem" : [
					{
						"color" :
						{
							"r" : 1.000000,
							"g" : 1.000000,
							"b" : 1.000000,
							"a" : 1.000000
						}
					}
				]
			},
			"asset_uid" : 855766,
			"inst_trans" : [
				{
					"trans" :
					{
						"m0" : 1.000000,
						"m1" : 0.000000,
						"m2" : 0.000000,
						"m3" : 0.000000,
						"m4" : 0.000000,
						"m5" : 1.000000,
						"m6" : 0.000000,
						"m7" : 0.000000,
						"m8" : 0.000000,
						"m9" : 0.000000,
						"m10" : 1.000000,
						"m11" : 0.000000,
						"m12" : 34.221581,
						"m13" : 0.272305,
						"m14" : -272.307404,
						"m15" : 1.000000
					}
				}
			]
		},
		{
			"type" : "Terrain",
			"uid" : 981628,
			"Name" : "Terrain",
			"State" : 2,
			"Group" : "",
			"Layer" : "",
			"ScaleH" : 3.500000,
			"ScaleV" : 0.100000,
			"Texture" : "Assets/Terrain/Level2.psd",
			"Heightmap" : "",
			"Color" :
			{
				"r" : 1.000000,
				"g" : 1.000000,
				"b" : 1.000000,
				"a" : 1.000000
			}
		},
		{
			"type" : "PhysBox",
			"uid" : 753530,
			"transform" :
			{
				"m0" : 0.857043,
				"m1" : 0.000000,
				"m2" : -0.515245,
				"m3" : 0.000000,
				"m4" : 0.000000,
				"m5" : 1.000000,
				"m6" : 0.000000,
				"m7" : 0.000000,
				"m8" : 0.515245,
				"m9" : 0.000000,
				"m10" : 0.857043,
				"m11" : 0.000000,
				"m12" : -617.627808,
				"m13" : 9.036505,
				"m14" : -88.527969,
				"m15" : 1.000000
			},
			"Name" : "PhysBox",
			"State" : 2,
			"Group" : "",
			"Layer" : "",
			"color" :
			{
				"r" : 1.000000,
				"g" : 1.000000,
				"b" : 0.000000,
				"a" : 1.000000
			},
			"SizeX" : 50.000000,
			"SizeY" : 17.000000,
			"SizeZ" : 10.000000,
			"Is Static" : true
		},
		{
			"type" : "PhysBox",
			"uid" : 753599,
			"transform" :
			{
				"m0" : 0.997485,
				"m1" : 0.000000,
				"m2" : -0.070880,
				"m3" : 0.000000,
				"m4" : 0.000000,
				"m5" : 1.000000,
				"m6" : 0.000000,
				"m7" : 0.000000,
				"m8" : 0.070880,
				"m9" : 0.000000,
				"m10" : 0.997485,
				"m11" : 0.000000,
				"m12" : -548.586365,
				"m13" : 9.036505,
				"m14" : -104.341743,
				"m15" : 1.000000
			},
			"Name" : "PhysBox",
			"State" : 2,
			"Group" : "",
			"Layer" : "",
			"color" :
			{
				"r" : 1.000000,
				"g" : 1.000000,
				"b" : 0.000000,
				"a" : 1.000000
			},
			"SizeX" : 100.000000,
			"SizeY" : 17.000000,
			"SizeZ" : 10.000000,
			"Is Static" : true
		},
		{
			"type" : "PhysBox",
			"uid" : 1014519,
			"transform" :
			{
				"m0" : 0.999898,
				"m1" : 0.000000,
				"m2" : -0.014281,
				"m3" : 0.000000,
				"m4" : 0.000000,
				"m5" : 1.000000,
				"m6" : 0.000000,
				"m7" : 0.000000,
				"m8" : 0.014281,
				"m9" : 0.000000,
				"m10" : 0.999898,
				"m11" : 0.000000,
				"m12" : -423.447784,
				"m13" : 9.036505,
				"m14" : -108.272530,
				"m15" : 1.000000
			},
			"Name" : "PhysBox",
			"State" : 2,
			"Group" : "",
			"Layer" : "",
			"color" :
			{
				"r" : 1.000000,
				"g" : 1.000000,
				"b" : 0.000000,
				"a" : 1.000000
			},
			"SizeX" : 150.000000,
			"SizeY" : 17.000000,
			"SizeZ" : 10.000000,
			"Is Static" : true
		},
		{
			"type" : "PhysBox",
			"uid" : 1014655,
			"transform" :
			{
				"m0" : 0.897606,
				"m1" : 0.000000,
				"m2" : -0.440797,
				"m3" : 0.000000,
				"m4" : 0.000000,
				"m5" : 1.000000,
				"m6" : 0.000000,
				"m7" : 0.000000,
				"m8" : 0.440797,
				"m9" : 0.000000,
				"m10" : 0.897606,
				"m11" : 0.000000,
				"m12" : -283.437653,
				"m13" : 9.036505,
				"m14" : -141.074829,
				"m15" : 1.000000
			},
			"Name" : "PhysBox",
			"State" : 2,
			"Group" : "",
			"Layer" : "",
			"color" :
			{
				"r" : 1.000000,
				"g" : 1.000000,
				"b" : 0.000000,
				"a" : 1.000000
			},
			"SizeX" : 150.000000,
			"SizeY" : 17.000000,
			"SizeZ" : 10.000000,
			"Is Static" : true
		},
		{
			"type" : "PhysBox",
			"uid" : 654138,
			"transform" :
			{
				"m0" : 0.361268,
				"m1" : 0.000000,
				"m2" : -0.932462,
				"m3" : 0.000000,
				"m4" : 0.000000,
				"m5" : 1.000000,
				"m6" : 0.000000,
				"m7" : 0.000000,
				"m8" : 0.932462,
				"m9" : 0.000000,
				"m10" : 0.361268,
				"m11" : 0.000000,
				"m12" : -646.480225,
				"m13" : 9.036505,
				"m14" : -54.695904,
				"m15" : 1.000000
			},
			"Name" : "PhysBox",
			"State" : 2,
			"Group" : "",
			"Layer" : "",
			"color" :
			{
				"r" : 1.000000,
				"g" : 1.000000,
				"b" : 0.000000,
				"a" : 1.000000
			},
			"SizeX" : 50.000000,
			"SizeY" : 17.000000,
			"SizeZ" : 10.000000,
			"Is Static" : true
		},
		{
			"type" : "PhysBox",
			"uid" : 261111,
			"transform" :
			{
				"m0" : -0.461733,
				"m1" : 0.000000,
				"m2" : -0.887020,
				"m3" : 0.000000,
				"m4" : 0.000000,
				"m5" : 1.000000,
				"m6" : 0.000000,
				"m7" : 0.000000,
				"m8" : 0.887020,
				"m9" : 0.000000,
				"m10" : -0.461733,
				"m11" : 0.000000,
				"m12" : -644.475525,
				"m13" : 9.036505,
				"m14" : -12.903275,
				"m15" : 1.000000
			},
			"Name" : "PhysBox",
			"State" : 2,
			"Group" : "",
			"Layer" : "",
			"color" :
			{
				"r" : 1.000000,
				"g" : 1.000000,
				"b" : 0.000000,
				"a" : 1.000000
			},
			"SizeX" : 50.000000,
			"SizeY" : 17.000000,
			"SizeZ" : 10.000000,
			"Is Static" : true
		},
		{
			"type" : "PhysBox",
			"uid" : 294460,
			"transform" :
			{
				"m0" : -0.786320,
				"m1" : 0.000000,
				"m2" : -0.617820,
				"m3" : 0.000000,
				"m4" : 0.000000,
				"m5" : 1.000000,
				"m6" : 0.000000,
				"m7" : 0.000000,
				"m8" : 0.617820,
				"m9" : 0.000000,
				"m10" : -0.786320,
				"m11" : 0.000000,
				"m12" : -614.403320,
				"m13" : 9.036505,
				"m14" : 22.275105,
				"m15" : 1.000000
			},
			"Name" : "PhysBox",
			"State" : 2,
			"Group" : "",
			"Layer" : "",
			"color" :
			{
				"r" : 1.000000,
				"g" : 1.000000,
				"b" : 0.000000,
				"a" : 1.000000
			},
			"SizeX" : 50.000000,
			"SizeY" : 17.000000,
			"SizeZ" : 10.000000,
			"Is Static" : true
		},
		{
			"type" : "PhysBox",
			"uid" : 653879,
			"transform" :
			{
				"m0" : -0.972687,
				"m1" : 0.000000,
				"m2" : -0.232119,
				"m3" : 0.000000,
				"m4" : 0.000000,
				"m5" : 1.000000,
				"m6" : 0.000000,
				"m7" : 0.000000,
				"m8" : 0.232119,
				"m9" : 0.000000,
				"m10" : -0.972687,
				"m11" : 0.000000,
				"m12" : -547.900208,
				"m13" : 9.036505,
				"m14" : 48.671795,
				"m15" : 1.000000
			},
			"Name" : "PhysBox",
			"State" : 2,
			"Group" : "",
			"Layer" : "",
			"color" :
			{
				"r" : 1.000000,
				"g" : 1.000000,
				"b" : 0.000000,
				"a" : 1.000000
			},
			"SizeX" : 100.000000,
			"SizeY" : 17.000000,
			"SizeZ" : 10.000000,
			"Is Static" : true
		},
		{
			"type" : "PhysBox",
			"uid" : 64188,
			"transform" :
			{
				"m0" : -0.749283,
				"m1" : 0.000000,
				"m2" : -0.662251,
				"m3" : 0.000000,
				"m4" : 0.000000,
				"m5" : 1.000000,
				"m6" : 0.000000,
				"m7" : 0.000000,
				"m8" : 0.662251,
				"m9" : 0.000000,
				"m10" : -0.749283,
				"m11" : 0.000000,
				"m12" : -753.447327,
				"m13" : 9.036505,
				"m14" : -51.143566,
				"m15" : 1.000000
			},
			"Name" : "PhysBox",
			"State" : 2,
			"Group" : "",
			"Layer" : "",
			"color" :
			{
				"r" : 1.000000,
				"g" : 1.000000,
				"b" : 0.000000,
				"a" : 1.000000
			},
			"SizeX" : 50.000000,
			"SizeY" : 17.000000,
			"SizeZ" : 10.000000,
			"Is Static" : true
		},
		{
			"type" : "PhysBox",
			"uid" : 1047537,
			"transform" :
			{
				"m0" : -0.992534,
				"m1" : 0.000000,
				"m2" : -0.121975,
				"m3" : 0.000000,
				"m4" : 0.000000,
				"m5" : 1.000000,
				"m6" : 0.000000,
				"m7" : 0.000000,
				"m8" : 0.121975,
				"m9" : 0.000000,
				"m10" : -0.992534,
				"m11" : 0.000000,
				"m12" : -829.459045,
				"m13" : 9.036505,
				"m14" : -74.492355,
				"m15" : 1.000000
			},
			"Name" : "PhysBox",
			"State" : 2,
			"Group" : "",
			"Layer" : "",
			"color" :
			{
				"r" : 1.000000,
				"g" : 1.000000,
				"b" : 0.000000,
				"a" : 1.000000
			},
			"SizeX" : 120.000000,
			"SizeY" : 17.000000,
			"SizeZ" : 10.000000,
			"Is Static" : true
		},
		{
			"type" : "PhysBox",
			"uid" : 917438,
			"transform" :
			{
				"m0" : -0.198481,
				"m1" : 0.000000,
				"m2" : -0.980105,
				"m3" : 0.000000,
				"m4" : 0.000000,
				"m5" : 1.000000,
				"m6" : 0.000000,
				"m7" : 0.000000,
				"m8" : 0.980105,
				"m9" : 0.000000,
				"m10" : -0.198481,
				"m11" : 0.000000,
				"m12" : -727.172668,
				"m13" : 9.036505,
				"m14" : 6.722119,
				"m15" : 1.000000
			},
			"Name" : "PhysBox",
			"State" : 2,
			"Group" : "",
			"Layer" : "",
			"color" :
			{
				"r" : 1.000000,
				"g" : 1.000000,
				"b" : 0.000000,
				"a" : 1.000000
			},
			"SizeX" : 90.000000,
			"SizeY" : 17.000000,
			"SizeZ" : 10.000000,
			"Is Static" : true
		},
		{
			"type" : "PhysBox",
			"uid" : 819004,
			"transform" :
			{
				"m0" : -0.694520,
				"m1" : 0.000000,
				"m2" : -0.719475,
				"m3" : 0.000000,
				"m4" : 0.000000,
				"m5" : 1.000000,
				"m6" : 0.000000,
				"m7" : 0.000000,
				"m8" : 0.719475,
				"m9" : 0.000000,
				"m10" : -0.694520,
				"m11" : 0.000000,
				"m12" : -700.786316,
				"m13" : 9.036505,
				"m14" : 69.452339,
				"m15" : 1.000000
			},
			"Name" : "PhysBox",
			"State" : 2,
			"Group" : "",
			"Layer" : "",
			"color" :
			{
				"r" : 1.000000,
				"g" : 1.000000,
				"b" : 0.000000,
				"a" : 1.000000
			},
			"SizeX" : 50.000000,
			"SizeY" : 17.000000,
			"SizeZ" : 10.000000,
			"Is Static" : true
		},
		{
			"type" : "PhysBox",
			"uid" : 458544,
			"transform" :
			{
				"m0" : -0.920282,
				"m1" : 0.000000,
				"m2" : -0.391256,
				"m3" : 0.000000,
				"m4" : 0.000000,
				"m5" : 1.000000,
				"m6" : 0.000000,
				"m7" : 0.000000,
				"m8" : 0.391256,
				"m9" : 0.000000,
				"m10" : -0.920282,
				"m11" : 0.000000,
				"m12" : -643.004272,
				"m13" : 9.036505,
				"m14" : 105.078033,
				"m15" : 1.000000
			},
			"Name" : "PhysBox",
			"State" : 2,
			"Group" : "",
			"Layer" : "",
			"color" :
			{
				"r" : 1.000000,
				"g" : 1.000000,
				"b" : 0.000000,
				"a" : 1.000000
			},
			"SizeX" : 90.000000,
			"SizeY" : 17.000000,
			"SizeZ" : 10.000000,
			"Is Static" : true
		},
		{
			"type" : "PhysBox",
			"uid" : 556984,
			"transform" :
			{
				"m0" : -0.902307,
				"m1" : 0.000000,
				"m2" : -0.431096,
				"m3" : 0.000000,
				"m4" : 0.000000,
				"m5" : 1.000000,
				"m6" : 0.000000,
				"m7" : 0.000000,
				"m8" : 0.431096,
				"m9" : 0.000000,
				"m10" : -0.902307,
				"m11" : 0.000000,
				"m12" : -579.865601,
				"m13" : 9.036505,
				"m14" : 132.511703,
				"m15" : 1.000000
			},
			"Name" : "PhysBox",
			"State" : 2,
			"Group" : "",
			"Layer" : "",
			"color" :
			{
				"r" : 1.000000,
				"g" : 1.000000,
				"b" : 0.000000,
				"a" : 1.000000
			},
			"SizeX" : 50.000000,
			"SizeY" : 17.000000,
			"SizeZ" : 10.000000,
			"Is Static" : true
		},
		{
			"type" : "PhysBox",
			"uid" : 687027,
			"transform" :
			{
				"m0" : -0.624182,
				"m1" : 0.000000,
				"m2" : -0.781280,
				"m3" : 0.000000,
				"m4" : 0.000000,
				"m5" : 1.000000,
				"m6" : 0.000000,
				"m7" : 0.000000,
				"m8" : 0.781280,
				"m9" : 0.000000,
				"m10" : -0.624182,
				"m11" : 0.000000,
				"m12" : -543.579651,
				"m13" : 9.036505,
				"m14" : 161.860458,
				"m15" : 1.000000
			},
			"Name" : "PhysBox",
			"State" : 2,
			"Group" : "",
			"Layer" : "",
			"color" :
			{
				"r" : 1.000000,
				"g" : 1.000000,
				"b" : 0.000000,
				"a" : 1.000000
			},
			"SizeX" : 50.000000,
			"SizeY" : 17.000000,
			"SizeZ" : 10.000000,
			"Is Static" : true
		},
		{
			"type" : "PhysBox",
			"uid" : 917176,
			"transform" :
			{
				"m0" : -0.995921,
				"m1" : 0.000000,
				"m2" : 0.090223,
				"m3" : 0.000000,
				"m4" : 0.000000,
				"m5" : 1.000000,
				"m6" : 0.000000,
				"m7" : 0.000000,
				"m8" : -0.090223,
				"m9" : 0.000000,
				"m10" : -0.995921,
				"m11" : 0.000000,
				"m12" : -451.604340,
				"m13" : 9.036505,
				"m14" : 55.868595,
				"m15" : 1.000000
			},
			"Name" : "PhysBox",
			"State" : 2,
			"Group" : "",
			"Layer" : "",
			"color" :
			{
				"r" : 1.000000,
				"g" : 1.000000,
				"b" : 0.000000,
				"a" : 1.000000
			},
			"SizeX" : 100.000000,
			"SizeY" : 17.000000,
			"SizeZ" : 10.000000,
			"Is Static" : true
		},
		{
			"type" : "PhysBox",
			"uid" : 818805,
			"transform" :
			{
				"m0" : -0.225411,
				"m1" : 0.000000,
				"m2" : -0.974264,
				"m3" : 0.000000,
				"m4" : 0.000000,
				"m5" : 1.000000,
				"m6" : 0.000000,
				"m7" : 0.000000,
				"m8" : 0.974264,
				"m9" : 0.000000,
				"m10" : -0.225411,
				"m11" : 0.000000,
				"m12" : -341.030243,
				"m13" : 9.036505,
				"m14" : 118.391121,
				"m15" : 1.000000
			},
			"Name" : "PhysBox",
			"State" : 2,
			"Group" : "",
			"Layer" : "",
			"color" :
			{
				"r" : 1.000000,
				"g" : 1.000000,
				"b" : 0.000000,
				"a" : 1.000000
			},
			"SizeX" : 100.000000,
			"SizeY" : 17.000000,
			"SizeZ" : 10.000000,
			"Is Static" : true
		},
		{
			"type" : "PhysBox",
			"uid" : 359985,
			"transform" :
			{
				"m0" : -0.923043,
				"m1" : 0.000000,
				"m2" : -0.384698,
				"m3" : 0.000000,
				"m4" : 0.000000,
				"m5" : 1.000000,
				"m6" : 0.000000,
				"m7" : 0.000000,
				"m8" : 0.384698,
				"m9" : 0.000000,
				"m10" : -0.923043,
				"m11" : 0.000000,
				"m12" : -377.224823,
				"m13" : 9.036505,
				"m14" : 61.386215,
				"m15" : 1.000000
			},
			"Name" : "PhysBox",
			"State" : 2,
			"Group" : "",
			"Layer" : "",
			"color" :
			{
				"r" : 1.000000,
				"g" : 1.000000,
				"b" : 0.000000,
				"a" : 1.000000
			},
			"SizeX" : 50.000000,
			"SizeY" : 17.000000,
			"SizeZ" : 10.000000,
			"Is Static" : true
		},
		{
			"type" : "PhysBox",
			"uid" : 326452,
			"transform" :
			{
				"m0" : 0.051753,
				"m1" : 0.000000,
				"m2" : -0.998660,
				"m3" : 0.000000,
				"m4" : 0.000000,
				"m5" : 1.000000,
				"m6" : 0.000000,
				"m7" : 0.000000,
				"m8" : 0.998660,
				"m9" : 0.000000,
				"m10" : 0.051753,
				"m11" : 0.000000,
				"m12" : -332.213013,
				"m13" : 8.961452,
				"m14" : 217.049271,
				"m15" : 1.000000
			},
			"Name" : "PhysBox",
			"State" : 2,
			"Group" : "",
			"Layer" : "",
			"color" :
			{
				"r" : 1.000000,
				"g" : 1.000000,
				"b" : 0.000000,
				"a" : 1.000000
			},
			"SizeX" : 100.000000,
			"SizeY" : 17.000000,
			"SizeZ" : 10.000000,
			"Is Static" : true
		},
		{
			"type" : "PhysBox",
			"uid" : 556985,
			"transform" :
			{
				"m0" : -0.236234,
				"m1" : 0.000000,
				"m2" : -0.971695,
				"m3" : 0.000000,
				"m4" : 0.000000,
				"m5" : 1.000000,
				"m6" : 0.000000,
				"m7" : 0.000000,
				"m8" : 0.971695,
				"m9" : 0.000000,
				"m10" : -0.236234,
				"m11" : 0.000000,
				"m12" : -312.401398,
				"m13" : 8.961452,
				"m14" : 358.786102,
				"m15" : 1.000000
			},
			"Name" : "PhysBox",
			"State" : 2,
			"Group" : "",
			"Layer" : "",
			"color" :
			{
				"r" : 1.000000,
				"g" : 1.000000,
				"b" : 0.000000,
				"a" : 1.000000
			},
			"SizeX" : 200.000000,
			"SizeY" : 17.000000,
			"SizeZ" : 10.000000,
			"Is Static" : true
		},
		{
			"type" : "PhysBox",
			"uid" : 293755,
			"transform" :
			{
				"m0" : -0.321037,
				"m1" : 0.000000,
				"m2" : -0.947067,
				"m3" : 0.000000,
				"m4" : 0.000000,
				"m5" : 1.000000,
				"m6" : 0.000000,
				"m7" : 0.000000,
				"m8" : 0.947067,
				"m9" : 0.000000,
				"m10" : -0.321037,
				"m11" : 0.000000,
				"m12" : -513.816467,
				"m13" : 9.036505,
				"m14" : 221.787735,
				"m15" : 1.000000
			},
			"Name" : "PhysBox",
			"State" : 2,
			"Group" : "",
			"Layer" : "",
			"color" :
			{
				"r" : 1.000000,
				"g" : 1.000000,
				"b" : 0.000000,
				"a" : 1.000000
			},
			"SizeX" : 90.000000,
			"SizeY" : 17.000000,
			"SizeZ" : 10.000000,
			"Is Static" : true
		},
		{
			"type" : "PhysBox",
			"uid" : 327419,
			"transform" :
			{
				"m0" : -0.939725,
				"m1" : 0.000000,
				"m2" : -0.341934,
				"m3" : 0.000000,
				"m4" : 0.000000,
				"m5" : 1.000000,
				"m6" : 0.000000,
				"m7" : 0.000000,
				"m8" : 0.341934,
				"m9" : 0.000000,
				"m10" : -0.939725,
				"m11" : 0.000000,
				"m12" : -473.819855,
				"m13" : 9.036505,
				"m14" : 275.859680,
				"m15" : 1.000000
			},
			"Name" : "PhysBox",
			"State" : 2,
			"Group" : "",
			"Layer" : "",
			"color" :
			{
				"r" : 1.000000,
				"g" : 1.000000,
				"b" : 0.000000,
				"a" : 1.000000
			},
			"SizeX" : 50.000000,
			"SizeY" : 17.000000,
			"SizeZ" : 10.000000,
			"Is Static" : true
		},
		{
			"type" : "PhysBox",
			"uid" : 360060,
			"transform" :
			{
				"m0" : -0.755544,
				"m1" : 0.000000,
				"m2" : -0.655098,
				"m3" : 0.000000,
				"m4" : 0.000000,
				"m5" : 1.000000,
				"m6" : 0.000000,
				"m7" : 0.000000,
				"m8" : 0.655098,
				"m9" : 0.000000,
				"m10" : -0.755544,
				"m11" : 0.000000,
				"m12" : -432.778412,
				"m13" : 9.036505,
				"m14" : 299.126587,
				"m15" : 1.000000
			},
			"Name" : "PhysBox",
			"State" : 2,
			"Group" : "",
			"Layer" : "",
			"color" :
			{
				"r" : 1.000000,
				"g" : 1.000000,
				"b" : 0.000000,
				"a" : 1.000000
			},
			"SizeX" : 50.000000,
			"SizeY" : 17.000000,
			"SizeZ" : 10.000000,
			"Is Static" : true
		},
		{
			"type" : "PhysBox",
			"uid" : 916146,
			"transform" :
			{
				"m0" : -0.253437,
				"m1" : 0.000000,
				"m2" : -0.967353,
				"m3" : 0.000000,
				"m4" : 0.000000,
				"m5" : 1.000000,
				"m6" : 0.000000,
				"m7" : 0.000000,
				"m8" : 0.967353,
				"m9" : 0.000000,
				"m10" : -0.253437,
				"m11" : 0.000000,
				"m12" : -409.163788,
				"m13" : 9.036505,
				"m14" : 337.951263,
				"m15" : 1.000000
			},
			"Name" : "PhysBox",
			"State" : 2,
			"Group" : "",
			"Layer" : "",
			"color" :
			{
				"r" : 1.000000,
				"g" : 1.000000,
				"b" : 0.000000,
				"a" : 1.000000
			},
			"SizeX" : 50.000000,
			"SizeY" : 17.000000,
			"SizeZ" : 10.000000,
			"Is Static" : true
		},
		{
			"type" : "PhysBox",
			"uid" : 130804,
			"transform" :
			{
				"m0" : 0.455961,
				"m1" : 0.000000,
				"m2" : -0.890001,
				"m3" : 0.000000,
				"m4" : 0.000000,
				"m5" : 1.000000,
				"m6" : 0.000000,
				"m7" : 0.000000,
				"m8" : 0.890001,
				"m9" : 0.000000,
				"m10" : 0.455961,
				"m11" : 0.000000,
				"m12" : -414.063324,
				"m13" : 9.036505,
				"m14" : 382.736176,
				"m15" : 1.000000
			},
			"Name" : "PhysBox",
			"State" : 2,
			"Group" : "",
			"Layer" : "",
			"color" :
			{
				"r" : 1.000000,
				"g" : 1.000000,
				"b" : 0.000000,
				"a" : 1.000000
			},
			"SizeX" : 50.000000,
			"SizeY" : 17.000000,
			"SizeZ" : 10.000000,
			"Is Static" : true
		},
		{
			"type" : "PhysBox",
			"uid" : 753328,
			"transform" :
			{
				"m0" : 0.999200,
				"m1" : 0.000000,
				"m2" : -0.039977,
				"m3" : 0.000000,
				"m4" : 0.000000,
				"m5" : 1.000000,
				"m6" : 0.000000,
				"m7" : 0.000000,
				"m8" : 0.039977,
				"m9" : 0.000000,
				"m10" : 0.999200,
				"m11" : 0.000000,
				"m12" : -470.652985,
				"m13" : 8.961452,
				"m14" : 404.369690,
				"m15" : 1.000000
			},
			"Name" : "PhysBox",
			"State" : 2,
			"Group" : "",
			"Layer" : "",
			"color" :
			{
				"r" : 1.000000,
				"g" : 1.000000,
				"b" : 0.000000,
				"a" : 1.000000
			},
			"SizeX" : 100.000000,
			"SizeY" : 17.000000,
			"SizeZ" : 10.000000,
			"Is Static" : true
		},
		{
			"type" : "PhysBox",
			"uid" : 655154,
			"transform" :
			{
				"m0" : 0.908375,
				"m1" : 0.000000,
				"m2" : 0.418156,
				"m3" : 0.000000,
				"m4" : 0.000000,
				"m5" : 1.000000,
				"m6" : 0.000000,
				"m7" : 0.000000,
				"m8" : -0.418156,
				"m9" : 0.000000,
				"m10" : 0.908375,
				"m11" : 0.000000,
				"m12" : -563.824524,
				"m13" : 8.961452,
				"m14" : 386.263489,
				"m15" : 1.000000
			},
			"Name" : "PhysBox",
			"State" : 2,
			"Group" : "",
			"Layer" : "",
			"color" :
			{
				"r" : 1.000000,
				"g" : 1.000000,
				"b" : 0.000000,
				"a" : 1.000000
			},
			"SizeX" : 100.000000,
			"SizeY" : 17.000000,
			"SizeZ" : 10.000000,
			"Is Static" : true
		},
		{
			"type" : "PhysBox",
			"uid" : 393015,
			"transform" :
			{
				"m0" : -0.624794,
				"m1" : 0.000000,
				"m2" : -0.780788,
				"m3" : 0.000000,
				"m4" : 0.000000,
				"m5" : 1.000000,
				"m6" : 0.000000,
				"m7" : 0.000000,
				"m8" : 0.780788,
				"m9" : 0.000000,
				"m10" : -0.624794,
				"m11" : 0.000000,
				"m12" : -227.552155,
				"m13" : 8.961452,
				"m14" : 531.848450,
				"m15" : 1.000000
			},
			"Name" : "PhysBox",
			"State" : 2,
			"Group" : "",
			"Layer" : "",
			"color" :
			{
				"r" : 1.000000,
				"g" : 1.000000,
				"b" : 0.000000,
				"a" : 1.000000
			},
			"SizeX" : 200.000000,
			"SizeY" : 17.000000,
			"SizeZ" : 10.000000,
			"Is Static" : true
		},
		{
			"type" : "PhysBox",
			"uid" : 851510,
			"transform" :
			{
				"m0" : -0.775987,
				"m1" : 0.000000,
				"m2" : -0.630751,
				"m3" : 0.000000,
				"m4" : 0.000000,
				"m5" : 1.000000,
				"m6" : 0.000000,
				"m7" : 0.000000,
				"m8" : 0.630751,
				"m9" : 0.000000,
				"m10" : -0.775987,
				"m11" : 0.000000,
				"m12" : -146.040192,
				"m13" : 9.036505,
				"m14" : 625.746155,
				"m15" : 1.000000
			},
			"Name" : "PhysBox",
			"State" : 2,
			"Group" : "",
			"Layer" : "",
			"color" :
			{
				"r" : 1.000000,
				"g" : 1.000000,
				"b" : 0.000000,
				"a" : 1.000000
			},
			"SizeX" : 50.000000,
			"SizeY" : 17.000000,
			"SizeZ" : 10.000000,
			"Is Static" : true
		},
		{
			"type" : "PhysBox",
			"uid" : 851709,
			"transform" :
			{
				"m0" : -0.922831,
				"m1" : 0.000000,
				"m2" : -0.385208,
				"m3" : 0.000000,
				"m4" : 0.000000,
				"m5" : 1.000000,
				"m6" : 0.000000,
				"m7" : 0.000000,
				"m8" : 0.385208,
				"m9" : 0.000000,
				"m10" : -0.922831,
				"m11" : 0.000000,
				"m12" : -103.872871,
				"m13" : 9.036505,
				"m14" : 650.963867,
				"m15" : 1.000000
			},
			"Name" : "PhysBox",
			"State" : 2,
			"Group" : "",
			"Layer" : "",
			"color" :
			{
				"r" : 1.000000,
				"g" : 1.000000,
				"b" : 0.000000,
				"a" : 1.000000
			},
			"SizeX" : 50.000000,
			"SizeY" : 17.000000,
			"SizeZ" : 10.000000,
			"Is Static" : true
		},
		{
			"type" : "PhysBox",
			"uid" : 719607,
			"transform" :
			{
				"m0" : -0.678157,
				"m1" : 0.000000,
				"m2" : -0.734918,
				"m3" : 0.000000,
				"m4" : 0.000000,
				"m5" : 1.000000,
				"m6" : 0.000000,
				"m7" : 0.000000,
				"m8" : 0.734918,
				"m9" : 0.000000,
				"m10" : -0.678157,
				"m11" : 0.000000,
				"m12" : -57.927971,
				"m13" : 9.036505,
				"m14" : 686.343445,
				"m15" : 1.000000
			},
			"Name" : "PhysBox",
			"State" : 2,
			"Group" : "",
			"Layer" : "",
			"color" :
			{
				"r" : 1.000000,
				"g" : 1.000000,
				"b" : 0.000000,
				"a" : 1.000000
			},
			"SizeX" : 75.000000,
			"SizeY" : 17.000000,
			"SizeZ" : 10.000000,
			"Is Static" : true
		},
		{
			"type" : "PhysBox",
			"uid" : 359992,
			"transform" :
			{
				"m0" : -0.154242,
				"m1" : 0.000000,
				"m2" : -0.988034,
				"m3" : 0.000000,
				"m4" : 0.000000,
				"m5" : 1.000000,
				"m6" : 0.000000,
				"m7" : 0.000000,
				"m8" : 0.988034,
				"m9" : 0.000000,
				"m10" : -0.154242,
				"m11" : 0.000000,
				"m12" : -30.329056,
				"m13" : 9.036505,
				"m14" : 735.253845,
				"m15" : 1.000000
			},
			"Name" : "PhysBox",
			"State" : 2,
			"Group" : "",
			"Layer" : "",
			"color" :
			{
				"r" : 1.000000,
				"g" : 1.000000,
				"b" : 0.000000,
				"a" : 1.000000
			},
			"SizeX" : 50.000000,
			"SizeY" : 17.000000,
			"SizeZ" : 10.000000,
			"Is Static" : true
		},
		{
			"type" : "PhysBox",
			"uid" : 360188,
			"transform" :
			{
				"m0" : 0.551734,
				"m1" : 0.000000,
				"m2" : -0.834022,
				"m3" : 0.000000,
				"m4" : 0.000000,
				"m5" : 1.000000,
				"m6" : 0.000000,
				"m7" : 0.000000,
				"m8" : 0.834022,
				"m9" : 0.000000,
				"m10" : 0.551734,
				"m11" : 0.000000,
				"m12" : -39.030342,
				"m13" : 9.036505,
				"m14" : 776.604553,
				"m15" : 1.000000
			},
			"Name" : "PhysBox",
			"State" : 2,
			"Group" : "",
			"Layer" : "",
			"color" :
			{
				"r" : 1.000000,
				"g" : 1.000000,
				"b" : 0.000000,
				"a" : 1.000000
			},
			"SizeX" : 50.000000,
			"SizeY" : 17.000000,
			"SizeZ" : 10.000000,
			"Is Static" : true
		},
		{
			"type" : "PhysBox",
			"uid" : 720695,
			"transform" :
			{
				"m0" : -0.997964,
				"m1" : 0.000000,
				"m2" : -0.063783,
				"m3" : 0.000000,
				"m4" : 0.000000,
				"m5" : 1.000000,
				"m6" : 0.000000,
				"m7" : 0.000000,
				"m8" : 0.063783,
				"m9" : 0.000000,
				"m10" : -0.997964,
				"m11" : 0.000000,
				"m12" : -87.112465,
				"m13" : 9.036505,
				"m14" : 792.002502,
				"m15" : 1.000000
			},
			"Name" : "PhysBox",
			"State" : 2,
			"Group" : "",
			"Layer" : "",
			"color" :
			{
				"r" : 1.000000,
				"g" : 1.000000,
				"b" : 0.000000,
				"a" : 1.000000
			},
			"SizeX" : 75.000000,
			"SizeY" : 17.000000,
			"SizeZ" : 10.000000,
			"Is Static" : true
		},
		{
			"type" : "PhysBox",
			"uid" : 917046,
			"transform" :
			{
				"m0" : -0.847185,
				"m1" : 0.000000,
				"m2" : -0.531299,
				"m3" : 0.000000,
				"m4" : 0.000000,
				"m5" : 1.000000,
				"m6" : 0.000000,
				"m7" : 0.000000,
				"m8" : 0.531299,
				"m9" : 0.000000,
				"m10" : -0.847185,
				"m11" : 0.000000,
				"m12" : -158.137482,
				"m13" : 9.036505,
				"m14" : 769.445190,
				"m15" : 1.000000
			},
			"Name" : "PhysBox",
			"State" : 2,
			"Group" : "",
			"Layer" : "",
			"color" :
			{
				"r" : 1.000000,
				"g" : 1.000000,
				"b" : 0.000000,
				"a" : 1.000000
			},
			"SizeX" : 75.000000,
			"SizeY" : 17.000000,
			"SizeZ" : 10.000000,
			"Is Static" : true
		},
		{
			"type" : "PhysBox",
			"uid" : 917297,
			"transform" :
			{
				"m0" : -0.566808,
				"m1" : 0.000000,
				"m2" : -0.823848,
				"m3" : 0.000000,
				"m4" : 0.000000,
				"m5" : 1.000000,
				"m6" : 0.000000,
				"m7" : 0.000000,
				"m8" : 0.823848,
				"m9" : 0.000000,
				"m10" : -0.566808,
				"m11" : 0.000000,
				"m12" : -232.048798,
				"m13" : 8.961452,
				"m14" : 687.619446,
				"m15" : 1.000000
			},
			"Name" : "PhysBox",
			"State" : 2,
			"Group" : "",
			"Layer" : "",
			"color" :
			{
				"r" : 1.000000,
				"g" : 1.000000,
				"b" : 0.000000,
				"a" : 1.000000
			},
			"SizeX" : 150.000000,
			"SizeY" : 17.000000,
			"SizeZ" : 10.000000,
			"Is Static" : true
		},
		{
			"type" : "PhysBox",
			"uid" : 883318,
			"transform" :
			{
				"m0" : -0.832656,
				"m1" : 0.000000,
				"m2" : -0.553788,
				"m3" : 0.000000,
				"m4" : 0.000000,
				"m5" : 1.000000,
				"m6" : 0.000000,
				"m7" : 0.000000,
				"m8" : 0.553788,
				"m9" : 0.000000,
				"m10" : -0.832656,
				"m11" : 0.000000,
				"m12" : -334.590729,
				"m13" : 8.961452,
				"m14" : 586.858459,
				"m15" : 1.000000
			},
			"Name" : "PhysBox",
			"State" : 2,
			"Group" : "",
			"Layer" : "",
			"color" :
			{
				"r" : 1.000000,
				"g" : 1.000000,
				"b" : 0.000000,
				"a" : 1.000000
			},
			"SizeX" : 150.000000,
			"SizeY" : 17.000000,
			"SizeZ" : 10.000000,
			"Is Static" : true
		},
		{
			"type" : "PhysBox",
			"uid" : 621561,
			"transform" :
			{
				"m0" : -0.952492,
				"m1" : 0.000000,
				"m2" : -0.304562,
				"m3" : 0.000000,
				"m4" : 0.000000,
				"m5" : 1.000000,
				"m6" : 0.000000,
				"m7" : 0.000000,
				"m8" : 0.304562,
				"m9" : 0.000000,
				"m10" : -0.952492,
				"m11" : 0.000000,
				"m12" : -467.352386,
				"m13" : 8.961452,
				"m14" : 523.026367,
				"m15" : 1.000000
			},
			"Name" : "PhysBox",
			"State" : 2,
			"Group" : "",
			"Layer" : "",
			"color" :
			{
				"r" : 1.000000,
				"g" : 1.000000,
				"b" : 0.000000,
				"a" : 1.000000
			},
			"SizeX" : 150.000000,
			"SizeY" : 17.000000,
			"SizeZ" : 10.000000,
			"Is Static" : true
		},
		{
			"type" : "PhysBox",
			"uid" : 917309,
			"transform" :
			{
				"m0" : 0.371507,
				"m1" : 0.000000,
				"m2" : 0.928431,
				"m3" : 0.000000,
				"m4" : 0.000000,
				"m5" : 1.000000,
				"m6" : 0.000000,
				"m7" : 0.000000,
				"m8" : -0.928431,
				"m9" : 0.000000,
				"m10" : 0.371507,
				"m11" : 0.000000,
				"m12" : -625.117615,
				"m13" : 8.961452,
				"m14" : 320.934326,
				"m15" : 1.000000
			},
			"Name" : "PhysBox",
			"State" : 2,
			"Group" : "",
			"Layer" : "",
			"color" :
			{
				"r" : 1.000000,
				"g" : 1.000000,
				"b" : 0.000000,
				"a" : 1.000000
			},
			"SizeX" : 100.000000,
			"SizeY" : 17.000000,
			"SizeZ" : 10.000000,
			"Is Static" : true
		},
		{
			"type" : "PhysBox",
			"uid" : 817790,
			"transform" :
			{
				"m0" : 0.849396,
				"m1" : 0.000000,
				"m2" : 0.527758,
				"m3" : 0.000000,
				"m4" : 0.000000,
				"m5" : 1.000000,
				"m6" : 0.000000,
				"m7" : 0.000000,
				"m8" : -0.527758,
				"m9" : 0.000000,
				"m10" : 0.849396,
				"m11" : 0.000000,
				"m12" : -579.563171,
				"m13" : 8.961452,
				"m14" : 474.735931,
				"m15" : 1.000000
			},
			"Name" : "PhysBox",
			"State" : 2,
			"Group" : "",
			"Layer" : "",
			"color" :
			{
				"r" : 1.000000,
				"g" : 1.000000,
				"b" : 0.000000,
				"a" : 1.000000
			},
			"SizeX" : 100.000000,
			"SizeY" : 17.000000,
			"SizeZ" : 10.000000,
			"Is Static" : true
		},
		{
			"type" : "PhysBox",
			"uid" : 785016,
			"transform" :
			{
				"m0" : 0.849396,
				"m1" : 0.000000,
				"m2" : 0.527758,
				"m3" : 0.000000,
				"m4" : 0.000000,
				"m5" : 1.000000,
				"m6" : 0.000000,
				"m7" : 0.000000,
				"m8" : -0.527758,
				"m9" : 0.000000,
				"m10" : 0.849396,
				"m11" : 0.000000,
				"m12" : -682.212036,
				"m13" : 8.961452,
				"m14" : 249.028900,
				"m15" : 1.000000
			},
			"Name" : "PhysBox",
			"State" : 2,
			"Group" : "",
			"Layer" : "",
			"color" :
			{
				"r" : 1.000000,
				"g" : 1.000000,
				"b" : 0.000000,
				"a" : 1.000000
			},
			"SizeX" : 100.000000,
			"SizeY" : 17.000000,
			"SizeZ" : 10.000000,
			"Is Static" : true
		},
		{
			"type" : "PhysBox",
			"uid" : 130045,
			"transform" :
			{
				"m0" : 0.933034,
				"m1" : 0.000000,
				"m2" : -0.359791,
				"m3" : 0.000000,
				"m4" : 0.000000,
				"m5" : 1.000000,
				"m6" : 0.000000,
				"m7" : 0.000000,
				"m8" : 0.359791,
				"m9" : 0.000000,
				"m10" : 0.933034,
				"m11" : 0.000000,
				"m12" : -744.685974,
				"m13" : 9.036505,
				"m14" : 230.213577,
				"m15" : 1.000000
